1.5007726073767464
6.889133819781282
6.889147200627808
6.8891623264642154
6.889179437401456
6.889198807822281
6.889220751389953
6.889245626806828
6.88927384443276
6.889305873894228
6.889342252835592
6.8893835969878
6.889430611757728
6.889484105573906
6.889545005262632
6.889614373773263
6.889693430624284
6.88978357550417
6.889886415534832
6.89000379679331
6.890137840792031
6.890290986743363
6.890466040584901
6.89066623192383
6.890895280279379
6.891157472270861
6.891457751727461
6.891801825099486
6.8921962850489615
6.892648755714665
6.893168063914725
6.893764441509166
6.89444976534709
6.8952378427346845
6.8961447522657195
6.8971892522631775
6.898393272125866
6.899782505729592
6.901387130914019
6.903242685260187
6.905391136153346
6.907882192915551
6.910774921020805
6.914139733542934
6.9180608534778845
6.922639362732218
6.927996979315718
6.934280732775617
6.941668736796356
6.950377281962628
6.960669480639806
6.972865670451819
6.987355687990051
7.004612898528081
7.02520940423664
7.049830973235823
7.079288641800578
7.114521189565584
7.156578148267441
7.206566043676742
7.2655312737234095
7.3342443826610015
7.4128532060720405
7.500410977961089
7.594392792723142
7.690481459365566
7.782988630934122
7.866031264473479
7.935018733266688
7.987660300510488
8.024034518149257
8.04592141068806
8.055921563032218
8.056752231263337
8.050839078813775
8.040153396085747
8.026200557892098
8.010082473089952
7.99258603843752
7.974272373130616
7.9555553876429554
7.936765527754364
7.918198143806935
7.90014777104677
7.882930650852205
7.866898439225107
7.852446317982575
7.840018677594224
7.830115261827236
7.8233002769187125
7.820216581189321
7.821606736408213
7.828342395015943
7.841463100131497
7.8622248289604615
7.892156997100326
7.933123168139818
7.987373578866129
8.05756384289022
8.146689952755795
