3.0141021623315574
6.89324618242636
6.893259539376959
6.893274631619819
6.893291697065818
6.89331100746307
6.893332873324661
6.893357649591611
6.893385742138415
6.893417615248984
6.893453800210776
6.893494905198147
6.893541626643063
6.893594762322954
6.893655226432622
6.893724066950607
6.89380248566167
6.89389186125751
6.893993776009392
6.894110046591416
6.894242759734461
6.8943943135121515
6.894567465205804
6.894765386871094
6.894991729942013
6.895250700466743
6.895547146886635
6.895886662658058
6.896275706496092
6.896721743612141
6.897233412055114
6.897820719186018
6.898495274468171
6.899270566202824
6.900162291662981
6.901188752379391
6.902371329241502
6.903735055756599
6.905309312466895
6.907128671410467
6.909233926935673
6.911673358506892
6.914504282792675
6.917794966760327
6.92162699115288
6.926098174914463
6.931326195856177
6.937453070420316
6.944650683746526
6.953127585766685
6.963137280562242
6.97498821740521
6.989055611385142
7.005795023827965
7.025757221895372
7.0496030505653895
7.078115622411544
7.112204645750479
7.15289358278584
7.201273911586808
7.258401937046691
7.325104574477674
7.401660100102227
7.487349547480699
7.5799667066284
7.675534370111435
7.76858915059665
7.853225560381497
7.924564866509471
7.9798871928028055
8.018872288042727
8.04303773964444
8.054871093645893
8.05708532993204
8.052160730736327
8.042144530702002
8.028617268032294
8.012744605713145
7.995361991754129
7.977063650737879
7.958282563976679
7.939356290389338
7.920577551976964
7.902230528908985
7.884614918529635
7.868060474261888
7.852935069186845
7.839649346165366
7.8286607793102245
7.820479588387114
7.8156785316408
7.814908227484416
7.818919336886255
7.8285926288155165
7.844977523728598
7.869338902103487
7.903210259253971
7.948447703694198
8.007272080525762
8.082272828818805
