0.0017110255847022859
1.3223933970436825E-20
1.282302503767727E-20
1.2980881427180724E-20
1.2974497979110901E-20
1.2975437351292635E-20
1.2975797484254075E-20
1.2975829325957938E-20
1.2975838765126067E-20
1.2975840775472587E-20
1.2975841143016315E-20
1.2975841221400344E-20
1.2975841237334575E-20
1.2975841240534025E-20
1.2975841241188538E-20
1.2975841241321455E-20
1.2975841241348433E-20
1.297584124135392E-20
1.2975841241355033E-20
1.297584124135526E-20
1.2975841241355309E-20
1.2975841241355316E-20
1.2975841241355318E-20
1.297584124135532E-20
1.297584124135532E-20
1.297584124135532E-20
1.297584124135532E-20
1.297584124135532E-20
1.297584124135532E-20
1.297584124135532E-20
1.297584124135532E-20
1.297584124135532E-20
1.297584124135532E-20
1.297584124135532E-20
1.297584124135532E-20
1.297584124135532E-20
1.297584124135532E-20
1.297584124135532E-20
1.297584124135532E-20
1.297584124135532E-20
1.297584124135532E-20
1.297584124135532E-20
1.297584124135532E-20
1.297584124135532E-20
1.297584124135532E-20
1.297584124135532E-20
1.297584124135532E-20
1.297584124135532E-20
1.297584124135532E-20
1.297584124135532E-20
1.297584124135532E-20
1.297584124135532E-20
1.297584124135532E-20
1.297584124135532E-20
1.297584124135532E-20
1.297584124135532E-20
1.297584124135532E-20
1.297584124135532E-20
1.297584124135532E-20
1.297584124135532E-20
1.297584124135532E-20
1.297584124135532E-20
1.297584124135532E-20
1.297584124135532E-20
1.297584124135532E-20
1.297584124135532E-20
1.297584124135532E-20
1.297584124135532E-20
1.297584124135532E-20
1.297584124135532E-20
1.297584124135532E-20
1.297584124135532E-20
1.297584124135532E-20
1.297584124135532E-20
1.297584124135532E-20
1.297584124135532E-20
1.297584124135532E-20
1.297584124135532E-20
1.297584124135532E-20
1.297584124135532E-20
1.297584124135532E-20
1.297584124135532E-20
1.297584124135532E-20
1.297584124135532E-20
1.297584124135532E-20
1.297584124135532E-20
1.297584124135532E-20
1.297584124135532E-20
1.297584124135532E-20
1.297584124135532E-20
1.297584124135532E-20
1.297584124135532E-20
1.297584124135532E-20
1.297584124135532E-20
1.297584124135532E-20
1.297584124135532E-20
1.297584124135532E-20
1.297584124135532E-20
1.297584124135532E-20
1.297584124135532E-20
