3.0141021623315574
6.888693154757121
6.888706536458719
6.888721662070391
6.888738771393008
6.8887581384321495
6.8887800763936715
6.888804943426719
6.8888331492236565
6.888865162607319
6.888901520256354
6.888942836743248
6.888989816087351
6.889043265057644
6.889104108498015
6.88917340699239
6.8892523772396395
6.8893424155701855
6.889445125109704
6.889562347182639
6.8896961976523805
6.889849109019599
6.890023879250105
6.890223728484437
6.890452365000678
6.890714062068872
6.8910137476619715
6.891357109389233
6.891750717512801
6.892202169521316
6.8927202604970566
6.893315184465633
6.89399877311078
6.894784779737158
6.895689218255043
6.8967307693491255
6.8979312690147605
6.899316298469572
6.900915899289787
6.902765443742835
6.904906698011482
6.907389125710535
6.910271491220169
6.913623837366668
6.917529930315353
6.922090286506889
6.927425922013701
6.933682992998972
6.941038524712369
6.949707450560023
6.959951192136778
6.972087986763246
6.986505076753434
7.003672653888327
7.024158999012057
7.048645394249837
7.0779378264852015
7.112969800511083
7.1547861223670575
7.20449066207882
7.263131905570709
7.331491392218884
7.409742223334027
7.49698165462104
7.5907461087998405
7.686783145507144
7.779445959738692
7.862844752584944
7.932331485222482
7.985532176763723
8.02244907184828
8.044812464333825
8.055201758508932
8.056333654011107
8.050644395121566
8.04011988318827
8.026279949071965
8.010238783895087
7.992792671949732
7.974509186635838
7.955806044975931
7.93701527382543
7.918432038998531
7.900349361727064
7.883081004870059
7.866975436868786
7.852424061469471
7.839866866702859
7.829798377006936
7.822776408890244
7.8194357428228125
7.820508486479818
7.826852597225682
7.839489646139929
7.859652199653798
7.888839683604901
7.928878348030362
7.981974276901257
8.050735487032139
8.138116263937162
