3.0141021623315574
8.271377900977557
8.27138109445576
8.271385076967347
8.271390059790914
8.2713963134395
8.2714041846691
8.27141411843061
8.271426686210994
8.271442622634765
8.271462872747692
8.271488653118881
8.271521530824339
8.271563525579307
8.271617241853203
8.271686039842466
8.271774256842631
8.271887494052583
8.272032988432503
8.27222009529401
8.272460915339423
8.27277111060683
8.273170968242344
8.273686790689917
8.274352717934535
8.275213125096265
8.27632579185267
8.277766116378249
8.27963275735299
8.282055251173858
8.285204395815388
8.289306560610491
8.294663635306742
8.301681155259356
8.31090831254526
8.323095049642955
8.339272675923697
8.360863051566849
8.389809214856013
8.428673720630917
8.480516344151285
8.548092696953704
8.631785571989719
8.726826406206047
8.822919974021199
8.908516330041408
8.97622501697562
9.024593364510077
9.056298272398655
9.075533540487912
9.086275851586342
9.091584300195988
9.093539039648366
9.093444880772939
9.092078736860966
9.089889482830397
9.087133071558226
9.083955157280146
9.080438708227062
9.076630562268912
9.072556047874086
9.068227058836294
9.06364658989259
9.058811362119696
9.053713412984383
9.048341127657427
9.042679982978846
9.036713172225967
9.030422228713613
9.023787743238262
9.016790259905653
9.00941142731065
9.001635468853602
8.99345100761119
8.984853226230557
8.975846248805292
8.96644549182915
8.9566795515344
8.946591011469163
8.936235449376042
8.925678026115444
8.91498748881144
8.904228257097909
8.893452290481182
8.882693164923245
8.871964616987325
8.86126448782224
8.85058299588449
8.839912642871537
8.829256700074431
8.818634179281013
8.808080731028008
8.797646181535299
8.787390005380585
8.77737601433762
8.767667222287281
8.758321478889723
8.74938817254259
8.740906101453884
8.732902473654516
