1.5007726073767464
6.888840044271975
6.88885342688853
6.888868555268243
6.888885669702955
6.888905044792726
6.88892699446143
6.888951877723458
6.888980105311725
6.889012147298146
6.8890485418583
6.889089905355959
6.889136943951109
6.889190466967755
6.889251402296073
6.889320814148466
6.889399923541991
6.889490131942138
6.889593048577066
6.889710522019347
6.88984467673735
6.889997955444066
6.890173168222406
6.89037354958839
6.890602824875015
6.890865287588903
6.891165889721528
6.891510347401721
6.891905264775917
6.892358279621992
6.892878234973193
6.893475381991348
6.894161620535236
6.894950785387108
6.895858988013063
6.896905026149251
6.898110876563118
6.899502290210045
6.901109513907172
6.902968168845411
6.9051203240827705
6.907615812992689
6.910513852920567
6.913885043501494
6.917813837658551
6.922401601536658
6.927770405464221
6.93406771661818
6.9414721930031655
6.950200802389663
6.960517498584028
6.972743661330582
6.987270410008124
7.004572672879467
7.025224425618875
7.0499136241516895
7.079453752060346
7.114786125979879
7.156962525821405
7.2070907069172
7.266216014403681
7.335103719178148
7.413889713542836
7.501606655849398
7.595701298704494
7.691826932968086
7.78427673591295
7.867171349247528
7.935946526405886
7.988349026769156
8.024491305168048
8.04617518183006
8.05601032847878
8.05671405246537
8.050707271108706
8.039954847068417
8.02595585003055
8.009806858380664
7.992290703161667
7.973965701305307
7.955244086933222
7.93645556265118
7.91789546405009
7.899858850563154
7.882662873206458
7.8666603813808065
7.852247994169831
7.8398718092498845
7.830033639657939
7.823300279767691
7.820317915697275
7.821833461964928
7.828724298150808
7.842037475032424
7.863038692268517
7.8932696869469785
7.934609094684752
7.989324508747647
8.060089361637546
8.149913489486137
