3.0141021623315574
2.0320882118570487
2.0321068217829352
2.032140778792742
2.0322038809174052
2.0323228584545574
2.0325497435165185
2.032986253707393
2.033832164234457
2.035482343356101
2.0387253227203663
2.0451638176530516
2.0581545166938207
2.085063975885655
2.143084071214266
2.2748436648600503
2.5909087533827657
3.404463856920188
5.509760949540055
7.4918507235329415
7.838224195522705
7.823654768503261
7.802861624428268
7.806218558387887
7.823127481358853
7.845260043448753
7.868866268353357
7.8921263845545795
7.91394966737132
7.9334994879615195
7.949966052577038
7.962405959248172
7.969895182231135
7.973795904531739
7.981197875892418
7.989701792424872
7.990102769231219
7.984058672447628
7.974190523786048
7.961909992477624
7.9479260615609695
7.9325986207571875
7.916132468918617
7.898673736824899
7.880353914265483
7.861307852991334
7.841679467632756
7.821621764150054
7.801294273377322
7.780859341506965
7.760478032776483
7.7403060983500875
7.720490309808549
7.70116534910706
7.682451362572985
7.6644522206774885
7.647254476016482
7.630926974862211
7.6155210490194
7.601071193935232
7.587596127949834
7.5751001277945855
7.5635745459337445
7.5529994322945
7.54334520126798
7.534574300245549
7.526642846120324
7.519502201217841
7.513100461808154
7.507383833113968
7.502297866630835
7.497788539728739
7.493803163952648
7.490291116409214
7.487204396956341
7.4844980214648835
7.482130267364745
7.480062791604118
7.478260643014733
7.476692191147615
7.475328992339922
7.474145611554568
7.473119415824531
7.472230352276257
7.471460720949347
7.4707949501305055
7.470219379761083
7.4697220566866855
7.469292544083352
7.468921746284635
7.468601749403395
7.468325677543774
7.468087563987344
7.46788223647177
7.467705215525675
7.467552624750611
7.467421111927036
7.467307779847658
7.467210125834599
7.467125988966095
